0
1
0
0
0
255
255
255
255
1
0
0
0
0
0
0
0
12
2
0
0
0
71
83
101
114
105
97
108
105
122
105
110
103
69
110
117
109
115
44
32
86
101
114
115
105
111
110
61
49
46
48
46
48
46
48
44
32
67
117
108
116
117
114
101
61
110
101
117
116
114
97
108
44
32
80
117
98
108
105
99
75
101
121
84
111
107
101
110
61
110
117
108
108
5
1
0
0
0
15
79
98
106
101
99
116
87
105
116
104
69
110
117
109
115
1
0
0
0
23
60
118
97
108
117
101
115
62
107
95
95
66
97
99
107
105
110
103
70
105
101
108
100
3
119
83
121
115
116
101
109
46
67
111
108
108
101
99
116
105
111
110
115
46
71
101
110
101
114
105
99
46
76
105
115
116
96
49
91
91
78
111
116
65
110
69
110
117
109
44
32
83
101
114
105
97
108
105
122
105
110
103
69
110
117
109
115
44
32
86
101
114
115
105
111
110
61
49
46
48
46
48
46
48
44
32
67
117
108
116
117
114
101
61
110
101
117
116
114
97
108
44
32
80
117
98
108
105
99
75
101
121
84
111
107
101
110
61
110
117
108
108
93
93
2
0
0
0
9
3
0
0
0
4
3
0
0
0
119
83
121
115
116
101
109
46
67
111
108
108
101
99
116
105
111
110
115
46
71
101
110
101
114
105
99
46
76
105
115
116
96
49
91
91
78
111
116
65
110
69
110
117
109
44
32
83
101
114
105
97
108
105
122
105
110
103
69
110
117
109
115
44
32
86
101
114
115
105
111
110
61
49
46
48
46
48
46
48
44
32
67
117
108
116
117
114
101
61
110
101
117
116
114
97
108
44
32
80
117
98
108
105
99
75
101
121
84
111
107
101
110
61
110
117
108
108
93
93
3
0
0
0
6
95
105
116
101
109
115
5
95
115
105
122
101
8
95
118
101
114
115
105
111
110
4
0
0
11
78
111
116
65
110
69
110
117
109
91
93
2
0
0
0
8
8
9
4
0
0
0
2
0
0
0
2
0
0
0
7
4
0
0
0
0
1
0
0
0
4
0
0
0
4
9
78
111
116
65
110
69
110
117
109
2
0
0
0
5
251
255
255
255
9
78
111
116
65
110
69
110
117
109
1
0
0
0
7
118
97
108
117
101
95
95
0
8
2
0
0
0
1
0
0
0
1
250
255
255
255
251
255
255
255
0
0
0
0
1
249
255
255
255
251
255
255
255
0
0
0
0
1
248
255
255
255
251
255
255
255
0
0
0
0
11
a
b